0 0.1268068285192015 0.44257336592075536 0.036066302616718504 0.018288981328667964
0 0.2971328380142536 0.8239775692366199 0.1568747498941192 0.12272404512819102
0 0.6882366839114596 0.26368948079260346 0.018260664462538934 0.013050740664334093
0 0.8454719667263215 0.33612993670170865 0.05226008550216754 0.02923859803029827
1 0.04650119036502189 0.44473507339161034 0.05136747351517283 0.18084235321677933
1 0.45201958164892525 0.5866402834440949 0.8325753020167276 0.7067199528204384
1 0.21191041738050112 0.3880618500990852 0.2852874472068136 0.190789728741233
1 0.49752260496873507 0.273236567156222 0.0995901118105268 0.04060307313518896
1 0.5889213319489208 0.25944467840914437 0.09016575654179615 0.04572245332167013
1 0.7022594602374657 0.2518373010723251 0.07958457231269445 0.0643657095454474
1 0.854460558876166 0.2883669429254859 0.1852230458984545 0.17542928164334026