0 0.07694291867973864 0.47817948411544825 0.03595208745242989 0.021784164867109768
0 0.2326010689657062 0.8412512521225538 0.15915148345982233 0.12902841802787046
0 0.6347673301337431 0.27003225536406256 0.01813521121670103 0.014798332433554884
0 0.786159398432374 0.3314335248361921 0.05189542243340206 0.03059796036360296
1 0.014343395485215085 0.484888762723791 0.02868679097043017 0.178659974552418
1 0.4072365322246403 0.6010824520002758 0.8144730644492806 0.7338331527547086
1 0.16311584667392084 0.41908658332179727 0.28482462205284104 0.20136674506275454
1 0.44694899515277126 0.2898603013219811 0.09729479990485979 0.04519543491602096
1 0.5373100394968506 0.27140753971714515 0.08972105114058881 0.05055416216777431
1 0.6489167076052011 0.257437371804631 0.0805920961025326 0.06555335248246608
1 0.7968584708182058 0.28399529611941465 0.19051753583614017 0.18168709708379527