0 0.12396349282484442 0.5014190664040725 0.042392406307678154 0.02172299692584012
0 0.346599143076322 0.9114099025446954 0.182464298657254 0.1357769274476075
0 0.7154388388704327 0.29477723373514536 0.020407383559431613 0.013785504488495248
0 0.8941482794158371 0.3699378062875379 0.058643215992986386 0.03157952551663623
1 0.04986990476190606 0.5038039834603543 0.04742211983204184 0.19161078307929147
1 0.4938026295450367 0.6321294208669108 0.9530605644610576 0.7357411582661784
1 0.21090378527593323 0.4403438142825697 0.3239392022655967 0.21079108386707401
1 0.5092211414613335 0.3086770188131947 0.11017543761535631 0.0435937121867237
1 0.6078292209648402 0.29247250842186906 0.10091046036360307 0.05134939744247613
1 0.7302502862795319 0.2819910176443492 0.09031816779715784 0.06885934474937894
1 0.8955055670681067 0.31910542301771505 0.20898886586378662 0.19259935962919983