0 0.115234375 0.421875 0.033203125 0.0126953125
0 0.22265625 0.8095703125 0.1376953125 0.0966796875
0 0.6728515625 0.3388671875 0.015625 0.0107421875
0 0.8115234375 0.431640625 0.046875 0.01953125
1 0.025390625 0.41015625 0.05078125 0.16796875
1 0.404296875 0.609375 0.71875 0.5625
1 0.203125 0.3837890625 0.2529296875 0.1416015625
1 0.490234375 0.3173828125 0.091796875 0.0234375
1 0.5791015625 0.3193359375 0.08203125 0.03125
1 0.6875 0.3291015625 0.0693359375 0.0498046875
1 0.8271484375 0.3876953125 0.158203125 0.1435546875